 112.784
    98.4628
    82.9559
    67.3375
    53.0417
    48.4151
    45.5264
     42.119
    41.3116
    38.3101
    34.3737
    32.7774
    30.6791
    27.5782
    27.4242
    25.2845
    24.8249
    24.0713
    23.8541
    23.5864
    5.12369
     5.0241
    4.99111
    4.80365
    4.49807
    4.15262
    3.81933
    3.51834
    3.24934
    3.01271
   0.243297
   0.202201
   0.140057
  0.0995919
   0.063644
  0.0474025
  0.0455342
  0.0437176
  0.0425915
   0.039404
  0.0374566
  0.0363891
  0.0344465
  0.0322648
   0.029693
  0.0269869
  0.0268676
  0.0240468
   0.014058
  0.0116753
 0.00997096
 0.00971895
 0.00903442
 0.00835535
 0.00802763
 0.00741035
 0.00701541
 0.00656545
 0.00604591
 0.00575582
 0.00461116
 0.00431416
  0.0041819
 0.00410917
 0.00405133
 0.00401652
 0.00353631
 0.00297534
 0.00287405
 0.00258242
 0.00244753
 0.00120897
0.000152544
2.78387e-05
1.66983e-05
7.01629e-06
4.02894e-06
1.59082e-06
7.80068e-07
2.04683e-07
6.52963e-08
1.32038e-08
2.34665e-09
9.28621e-10
4.15666e-10
2.62352e-10
4.16417e-11
2.28488e-11
 7.8285e-12
5.71739e-12
1.22477e-12
6.19708e-13
1.30743e-14
9.33175e-15
3.10305e-15
2.80848e-15
2.79665e-15
 2.5972e-15
1.94197e-15
1.90127e-15
1.72081e-15
1.72015e-15
1.55941e-15
1.49743e-15
1.12385e-15
1.03266e-15
1.02693e-15
9.71077e-16
 9.4186e-16
9.04405e-16
8.26703e-16
7.47505e-16
6.87903e-16
 6.2804e-16
5.03151e-16
 4.9776e-16
4.38462e-16
3.95833e-16
8.88772e-17
4.41471e-17